tree
version=v3
num_class=1
num_tree_per_iteration=1
label_index=0
max_feature_idx=27
objective=binary sigmoid:1
feature_names=feature_0 feature_1 feature_2 feature_3 feature_4 feature_5 feature_6 feature_7 feature_8 feature_9 feature_10 feature_11 feature_12 feature_13 feature_14 feature_15 feature_16 feature_17 feature_18 feature_19 feature_20 feature_21 feature_22 feature_23 feature_24 feature_25 feature_26 feature_27
feature_infos=[0.27500000000000002:6.6950000000000003] [-2.4169999999999998:2.4300000000000002] [-1.7430000000000001:1.7430000000000001] [0.019:5.7000000000000002] [-1.7430000000000001:1.7430000000000001] [0.159:4.1900000000000004] [-2.9410000000000003:2.9700000000000002] [-1.7409999999999999:1.7409999999999999] [0:2.173] [0.19:5.1929999999999996] [-2.9039999999999999:2.9089999999999998] [-1.742:1.7430000000000001] [0:2.2149999999999999] [0.26400000000000001:6.5229999999999997] [-2.7280000000000002:2.7269999999999999] [-1.742:1.742] [0:2.548] [0.36499999999999999:6.0679999999999996] [-2.4950000000000001:2.496] [-1.74:1.7430000000000001] [0:3.1019999999999999] 1:0:2:3:4:5:6:7 [0.41899999999999998:7.3920000000000003] [0.46100000000000002:3.6819999999999999] [0.38400000000000001:6.5829999999999993] [0.093000000000000013:7.8600000000000003] [0.38900000000000001:4.5430000000000001] [0.48899999999999999:4.3159999999999998]
tree_sizes=3321 3350 3335 3337 3349 3369 3354 3351 3348 3369

Tree=0
num_leaves=31
num_cat=0
split_feature=25 26 27 25 25 24 22 5 5 27 26 27 25 26 27 24 3 25 13 3 22 19 5 24 4 4 25 24 13 24
split_gain=258.093 165.159 154.815 63.2465 70.8418 52.7566 84.255 36.0201 33.6021 27.9059 27.8319 26.587 26.0762 22.1222 21.9404 33.7761 17.9555 17.3963 16.2751 15.1941 14.4671 15.3903 14.2356 13.447 12.7354 13.7208 12.6665 12.7078 12.328 14.4413
threshold=1.2815000000000001 0.78050000000000008 0.90450000000000019 0.98450000000000015 0.6785000000000001 1.0265000000000002 1.0445000000000002 0.82550000000000001 1.0195000000000003 0.9225000000000001 0.86950000000000016 0.78850000000000009 0.62350000000000005 0.88850000000000018 0.88950000000000007 1.1225000000000003 1.9205000000000003 0.98950000000000016 1.3835000000000004 1.8335000000000004 0.94750000000000012 -0.96449999999999991 1.3365000000000002 0.71850000000000014 1.2535000000000001 -0.27149999999999996 0.58650000000000013 0.74550000000000016 0.96150000000000013 0.75150000000000006
decision_type=2 2 2 2 2 2 2 2 2 2 2 2 2 2 2 2 2 2 2 2 2 2 2 2 2 2 2 2 2 2
left_child=1 7 3 4 28 6 -4 23 13 22 11 -6 -7 -5 20 -16 17 -14 -19 -17 -2 -22 26 -1 25 -8 27 -9 29 -3
right_child=14 2 5 8 10 12 24 9 -10 -11 -12 -13 16 -15 15 19 -18 18 -20 -21 21 -23 -24 -25 -26 -27 -28 -29 -30 -31
leaf_value=0.10292417362382698 0.081794034262678839 0.1692777550243813 0.061553710220063833 0.079337359459298998 0.18088601630906839 0.099385890193498985 0.1211851497981986 0.12415945555782286 0.17482887867713628 0.017084448211349204 0.19700658928739526 0.12357752617007028 0.16073951140458043 0.13525662799642099 0.051814049231606499 0.10135644473403681 0.10282810643801757 0.1149947843625274 0.17558363671764246 0.045262081723579109 0.063414980236265725 0.15092820739444129 0.1791058409066712 0.074516183508739564 0.085527279611794016 0.16652654023156854 0.14418787419817045 0.05532552226366122 0.16667453200421684 0.11489334915283957
leaf_weight=70.480186074972153 30.134637862443924 15.440888822078703 76.457304328680038 32.127010613679886 68.985906511545181 40.096501618623734 33.621290177106857 18.678494542837146 27.893218517303467 5.4790250658988944 187.10870602726936 28.640358299016953 113.81429341435432 39.349361836910248 105.09766262769699 80.691096425056458 23.908473014831543 50.556458562612534 14.195655852556227 14.195655852556227 6.4752114415168789 22.414193451404572 14.195655852556227 101.86005690693855 10.958050131797789 33.123196989297867 34.617476552724838 10.459956943988798 25.402752578258514 58.276902973651886
leaf_count=283 121 62 307 129 277 161 135 75 112 22 751 115 457 158 422 324 96 203 57 57 26 90 57 409 44 133 139 42 102 234
internal_value=0 0.217782 0.423375 0.803433 0.987504 -0.0395418 -0.496971 -0.489543 0.0923822 0.0498153 1.24097 0.808144 0.251165 -0.270883 -0.888436 -1.04655 0.39707 0.506036 0.0922273 -0.61404 -0.352702 0.152936 0.203144 -0.750649 0.236367 0.400406 0.00149671 -0.48433 0.25939 0.0523664
internal_weight=0 1135.73 879.956 483.225 383.856 396.731 154.16 255.771 99.3696 83.4306 284.735 97.6263 242.571 71.4764 259.008 199.984 202.475 178.566 64.7521 94.8868 59.024 28.8894 77.9516 172.34 77.7025 66.7445 63.7559 29.1385 99.1205 73.7178
internal_count=5600 4560 3533 1940 1541 1593 619 1027 399 335 1143 392 974 287 1040 803 813 717 260 381 237 116 313 692 312 268 256 117 398 296
shrinkage=1


Tree=1
num_leaves=31
num_cat=0
split_feature=25 26 25 25 3 5 22 5 26 22 22 26 22 3 26 24 9 25 3 5 24 26 19 13 9 19 24 5 23 3
split_gain=232.617 149.504 79.7406 118.355 38.3313 33.9073 19.959 19.4234 21.8115 18.5966 19.0684 17.7146 20.2141 15.874 14.2708 13.2396 12.7569 12.7084 12.4804 12.2694 11.5951 11.5527 11.8452 11.5454 11.2504 10.1043 9.87799 9.37988 9.34471 10.6218
threshold=1.2815000000000001 0.77650000000000008 0.62350000000000005 0.98950000000000016 1.6175000000000004 0.82550000000000001 1.0445000000000002 0.88150000000000006 1.0375000000000003 1.0025000000000002 0.84950000000000014 0.97650000000000003 0.78450000000000009 0.97650000000000003 0.94950000000000012 0.71850000000000014 0.89250000000000018 2.0390000000000006 1.1435000000000002 1.5755000000000001 1.7450000000000003 1.1205000000000003 0.62900000000000011 0.73250000000000004 0.81850000000000012 1.0425000000000002 1.1005000000000003 0.98050000000000004 0.98050000000000004 0.33650000000000008
decision_type=2 2 2 2 2 2 2 2 2 2 2 2 2 2 2 2 2 2 2 2 2 2 2 2 2 2 2 2 2 2
left_child=1 5 19 4 7 15 11 18 -9 10 -5 24 -13 -7 27 25 -15 -8 -4 -3 23 -16 -23 -6 -2 28 -14 -11 -1 -30
right_child=6 2 3 9 20 13 17 8 -10 14 -12 12 26 16 21 -17 -18 -19 -20 -21 -22 22 -24 -25 -26 -27 -28 -29 29 -31
leaf_value=-0.070545567367869336 -0.063698747468169961 -0.01827213399534907 0.040547634296787358 0.0050430627146062874 0.041070025304019292 0.020647624087933653 -0.011244746472429313 0.065302446020886848 0.032847560252330626 -0.048371091608472166 -0.03445460511881384 -0.0053674502430021559 -0.077847798040587016 -0.049419010140496225 0.04622974600937059 -0.048151769308209885 0.016525868109330353 -0.054398823083843008 0.01250082452607933 0.032708532404784885 -0.056058671702088593 -0.01420997039909578 0.048010759255242202 -0.0035591977472011283 0.00057634108599180446 -0.057016546861190134 -0.049045175963691609 0.032221841656018421 0.056546282537182961 -0.012070134289000313
leaf_weight=5.734798699617385 9.7267870754003507 133.00784780085087 170.80537793040276 53.780241683125496 22.11242538690567 49.26007391512394 64.364367842674255 157.75188791751862 77.055220440030098 13.216595917940142 70.763668358325958 15.226846426725386 74.916007816791534 19.688014268875126 30.600289717316628 99.61165863275528 11.687062725424765 23.213069558143616 51.661297231912613 12.951076492667196 6.9748912602663031 25.392751201987267 10.946569040417669 42.047060444951057 22.688080459833145 14.461666285991667 49.394375905394554 4.967146784067153 6.4828159213066092 43.384998857975006
leaf_count=23 39 534 688 216 89 198 258 636 310 53 284 61 300 79 123 399 47 93 208 52 28 102 44 169 91 58 198 20 26 174
internal_value=0 0.207217 0.400396 0.533954 0.7862 -0.475041 -0.842244 0.892429 1.09304 -0.101761 -0.347976 -1.04015 -1.19485 0.0588528 0.258476 -0.728763 -0.497097 -0.453661 0.680692 -0.274971 0.103326 0.471878 0.0906582 0.236443 -0.374216 -0.395695 -1.32806 -0.52712 -0.202022 -0.063
internal_weight=0 1134.35 884.034 738.075 528.408 250.311 259.53 457.274 234.807 209.667 124.544 171.952 139.537 80.6352 85.1234 169.676 31.3751 87.5774 222.467 145.959 71.1344 66.9396 36.3393 64.1595 32.4149 70.0643 124.31 18.1837 55.6026 49.8678
internal_count=5600 4560 3556 2970 2128 1004 1040 1842 946 842 500 689 559 324 342 680 126 351 896 586 286 269 146 258 130 281 498 73 223 200
shrinkage=0.05


Tree=2
num_leaves=31
num_cat=0
split_feature=27 26 24 22 5 3 5 22 27 26 26 22 22 22 24 26 26 27 5 18 18 27 24 22 1 24 4 26 13 19
split_gain=148.185 184.507 89.3493 94.5526 40.4414 27.3787 27.2162 19.0532 22.1923 18.7714 16.1379 13.5399 13.5163 18.5671 13.3548 13.1524 13.0845 12.6295 12.4814 11.7266 11.1862 10.8851 10.6951 12.1689 10.6912 10.6851 10.5366 15.4816 10.235 10.0935
threshold=0.90250000000000019 0.81150000000000011 1.0265000000000002 1.0445000000000002 0.82050000000000012 1.9205000000000003 0.89650000000000007 1.0355000000000001 0.83850000000000013 1.3665 1.2195000000000003 1.5530000000000002 1.0465000000000002 0.74450000000000016 0.78250000000000008 0.89850000000000019 0.77250000000000008 1.0885000000000002 1.3665 -0.80349999999999988 0.037500000000000012 0.73350000000000015 0.73550000000000015 0.8015000000000001 -0.50249999999999984 0.71850000000000014 -1.2844999999999998 0.86050000000000015 0.78050000000000008 0.8035000000000001
decision_type=2 2 2 2 2 2 2 2 2 2 2 2 2 2 2 2 2 2 2 2 2 2 2 2 2 2 2 2 2 2
left_child=1 4 3 17 16 12 7 8 26 14 24 -11 13 -4 28 -10 25 22 -6 -13 21 -18 -2 -24 -7 29 27 -3 -5 -1
right_child=2 6 5 9 18 10 -8 -9 15 11 -12 19 -14 -15 -16 -17 20 -19 -20 -21 -22 -23 23 -25 -26 -27 -28 -29 -30 -31
leaf_value=-0.0073065839329453548 -0.016487469307459514 -0.05623084117438009 0.037239721742535918 -0.010525945621810534 0.0026424700901839801 0.042241534217950696 0.046441465326568898 0.048583831454238828 -0.047735076649610644 -0.084106131203986287 -0.065659663476146032 -0.06308494214616267 0.015758944867592224 -0.011461805446360647 -0.0058796982191652719 0.0047110946024680727 0.0083246929895967742 -0.086785975259123571 0.050835145873508118 0.0097165970564389165 0.025443695119278426 -0.058890618144533204 -0.020899500706621717 -0.072304795635571864 -0.03395211630187301 -0.046191035241864846 0.031791859314650693 0.032485600310353614 0.060641862462725994 -0.049348221891941484
leaf_weight=47.137687206268311 14.477678209543226 8.9583313912153262 22.361302047967911 7.207369893789294 81.298979952931404 7.4813948571682003 231.06182156503201 55.489924922585487 16.91599103808403 10.226239919662474 24.474132180213928 8.4748705923557264 130.7780214548111 156.79699945449829 50.492837592959404 40.753367215394974 11.681568473577501 51.711808383464813 16.0948636084795 15.92575925588608 18.383085042238235 12.435196608304976 13.981861710548399 65.190060794353485 11.970084518194197 92.483928352594376 119.74999912083149 10.902059018611906 16.893363937735558 20.478829205036163
leaf_count=189 58 36 90 29 327 30 934 224 68 41 98 34 526 630 203 164 47 207 65 64 74 50 56 261 48 370 483 44 68 82
internal_value=0 0.298727 -0.358997 -0.810789 -0.317424 -0.0339608 0.680765 0.454004 0.308395 -0.107724 -0.772828 -0.716196 0.0707549 -0.107664 0.174733 -0.213456 -0.571991 -1.33905 0.212131 -0.311379 -0.0787473 -0.526663 -1.12002 -1.26453 -0.0929329 -0.702926 0.523958 -0.150626 0.78718 -0.400792
internal_weight=0 783.826 608.444 254.582 299.994 353.862 483.831 252.77 197.28 109.22 43.9256 34.6269 309.936 179.158 74.5936 57.6694 202.6 145.361 97.3938 24.4006 42.4999 24.1168 93.6496 79.1719 19.4515 160.1 139.61 19.8604 24.1007 67.6165
internal_count=5600 3157 2443 1021 1204 1422 1953 1019 795 439 176 139 1246 720 300 232 812 582 392 98 171 97 375 317 78 641 563 80 97 271
shrinkage=0.05


Tree=3
num_leaves=31
num_cat=0
split_feature=25 26 27 25 25 25 26 24 22 27 5 27 22 27 3 5 25 3 5 22 17 6 5 4 25 13 24 27 24 3
split_gain=205.5 147.033 120.615 48.8018 42.9305 39.2893 31.207 29.0386 55.8713 27.4704 25.9039 24.2133 24.1531 24.5596 22.82 21.5816 17.4961 15.66 14.9171 14.0718 13.142 12.1896 11.6379 11.56 13.7375 10.9056 12.5604 10.4003 10.2466 10.172
threshold=1.0565000000000002 0.78050000000000008 0.90450000000000019 0.6785000000000001 1.4915 0.62350000000000005 0.86950000000000016 1.0065000000000002 0.99950000000000017 0.78250000000000008 0.82550000000000001 0.75650000000000006 1.0025000000000002 1.0445000000000002 1.6740000000000002 0.91550000000000009 0.94850000000000012 1.8335000000000004 1.2445000000000002 0.73650000000000004 2.1615000000000006 -1.2374999999999998 1.5755000000000001 -0.039499999999999993 0.81350000000000011 0.96150000000000013 0.75150000000000006 0.9225000000000001 1.2035000000000002 0.45550000000000007
decision_type=2 2 2 2 2 2 2 2 2 2 2 2 2 2 2 2 2 2 2 2 2 2 2 2 2 2 2 2 2 2
left_child=1 10 3 25 12 22 9 8 -7 16 29 21 13 15 18 -2 -5 20 -9 -17 -6 -12 -4 24 -11 26 -3 -13 -21 -1
right_child=4 2 5 6 17 7 -8 14 -10 23 11 27 -14 -15 -16 19 -18 -19 -20 28 -22 -23 -24 -25 -26 -27 -28 -29 -30 -31
leaf_value=-0.0082067822268442527 -0.03600340845168739 0.041743145341379032 -0.039583834816730813 0.058122051661491203 -0.047008752157599545 -0.057216452802555551 0.062690998546836268 0.023239390749732365 0.021375800934691283 0.034579783857378019 -0.047216545458954449 -0.020428809991953234 0.0050883379036624774 -0.064095869187775684 -0.013302582113995431 0.071775869025800243 -0.011399031269155922 -0.096966216576504408 0.06298767076847249 -0.017864899718832726 0.015253065589556825 0.029988569110934837 0.019983829297215108 0.022160443600675116 -0.061618993599131359 0.039565820925008176 -0.0091278414644914239 -0.097933260950033699 0.037991988560384667 -0.038166459259787525
leaf_weight=36.193712130188942 61.60467366874218 15.328658059239386 61.882042303681374 60.482323557138443 149.48617099225521 38.98218335211277 209.61736933887005 88.675747245550156 53.854752853512764 5.2086337804794338 5.7129551917314521 20.407141506671909 89.739067852497101 35.435430020093918 32.629632353782654 7.4354685395956031 10.64245595037937 14.977828457951544 32.166219219565392 30.59255476295948 8.984770715236662 48.646721333265305 9.4520306736230832 18.590477675199509 12.908448740839956 25.238058298826218 58.220640689134598 5.4936897903680793 11.222233429551123 130.42828957736492
leaf_count=145 247 62 248 246 599 156 854 358 217 21 23 82 361 142 131 30 43 60 130 123 36 196 38 75 52 102 234 22 45 522
internal_value=0 0.259205 0.483779 0.837929 -0.584235 0.0197022 1.02894 0.20897 -0.232501 0.591794 -0.408359 0.0583577 -0.306666 -0.557212 0.476021 -0.325555 0.954391 -0.96195 0.676395 0.167922 -0.869574 0.437493 -0.633818 -0.110778 -0.67924 0.224118 0.0294871 -0.737357 -0.0574811 -0.633172
internal_weight=0 980.762 733.88 416.237 409.478 317.643 317.45 246.309 92.8369 107.832 246.883 80.2605 236.029 146.29 153.472 110.855 71.1248 173.449 120.842 49.2503 158.471 54.3597 71.3341 36.7076 18.1171 98.7874 73.5493 25.9008 41.8148 166.622
internal_count=5600 3957 2967 1689 1643 1278 1291 992 373 437 990 323 948 587 619 445 289 695 488 198 635 219 286 148 73 398 296 104 168 667
shrinkage=0.05


Tree=4
num_leaves=31
num_cat=0
split_feature=25 26 27 25 25 25 26 24 22 27 5 27 22 27 3 5 25 3 5 22 24 17 0 25 6 5 11 5 14 26
split_gain=185.748 133.212 109.9 44.7766 38.7865 35.4663 28.7742 26.2882 48.8606 25.0439 23.3657 21.8754 21.7992 22.1941 19.956 19.4571 16.0034 14.3462 12.8728 12.8085 12.732 16.2341 14.2998 12.7883 11.0086 10.8518 10.7611 10.4892 10.4274 10.1204
threshold=1.0565000000000002 0.78050000000000008 0.90450000000000019 0.6785000000000001 1.4915 0.62350000000000005 0.86950000000000016 1.0185000000000002 0.99950000000000017 0.78250000000000008 0.82550000000000001 0.75650000000000006 1.0025000000000002 1.0445000000000002 1.6740000000000002 0.91550000000000009 0.94850000000000012 1.8335000000000004 1.2445000000000002 0.73650000000000004 1.3545000000000003 1.5825000000000002 1.1075000000000002 2.0390000000000006 -1.2374999999999998 1.2105000000000001 -0.39449999999999991 1.5755000000000001 0.88850000000000018 0.84050000000000014
decision_type=2 2 2 2 2 2 2 2 2 2 2 2 2 2 2 2 2 2 2 2 2 2 2 2 2 2 2 2 2 2
left_child=1 10 3 -3 12 27 9 8 -7 16 -1 24 13 15 18 -2 -5 20 -9 -17 22 -22 23 25 -12 -6 -16 -4 -11 -14
right_child=4 2 5 6 17 7 -8 14 -10 28 11 -13 29 -15 26 19 -18 -19 -20 -21 21 -23 -24 -25 -26 -27 -28 -29 -30 -31
leaf_value=-0.030077929781266624 -0.034175056126420432 0.010663343632520339 -0.037570509912682418 0.055684425293157119 -0.041923842262812185 -0.053427486732142308 0.060131187984741763 0.022485369647426014 0.019550777555583945 -0.020362635741002059 -0.044712213141357898 -0.035030261622428414 -0.064423209092889955 -0.060930493516932638 0.023361314223986705 0.068720909080323897 -0.010818130932496789 -0.092629891621237692 0.059788593036054799 -0.0027292005918529531 -0.033105672904437639 0.0476914600725191 -0.077772945243829036 -0.072843827422676033 0.028565578150583238 0.00059126736587828679 -0.035453850635847051 0.019011578244857007 0.041774047366429257 0.0089076974659767685
leaf_weight=166.60952299833298 61.654001921415329 98.64042840898037 61.936612665653229 59.986017614603043 47.411064013838768 39.216965451836586 207.66310769319534 87.479777634143829 55.245595619082451 27.779069796204567 5.7307926416397086 25.897659376263618 4.9817028343677512 35.412784084677696 12.965701147913931 7.379100650548934 10.65294826030731 14.896858766674994 31.438560634851456 41.820367902517319 27.99145282804966 7.9919790327548972 31.909794107079506 21.191541567444801 48.519784778356552 21.961725935339928 19.434137299656868 9.4389716982841474 8.9197524935007078 84.728120163083076
leaf_count=667 247 398 248 246 190 157 854 354 223 112 23 104 20 142 52 30 43 60 128 168 112 32 128 85 196 88 78 38 36 341
internal_value=0 0.247147 0.461652 0.801219 -0.555222 0.0187827 0.985332 0.19899 -0.214936 0.564946 -0.388131 0.0555365 -0.291385 -0.529416 0.457389 -0.309249 0.913106 -0.914367 0.646945 0.159743 -0.826163 -0.30321 -0.979809 -0.776982 0.416497 -0.569292 -0.238346 -0.601758 -0.105203 0.0967107
internal_weight=0 977.555 730.798 413.641 409.33 317.156 315.001 245.781 94.4626 107.338 246.758 80.1482 235.976 146.266 151.318 110.853 70.639 173.354 118.918 49.1995 158.458 35.9834 122.474 90.5643 54.2506 69.3728 32.3998 71.3756 36.6988 89.7098
internal_count=5600 3957 2967 1689 1643 1278 1291 992 380 437 990 323 948 587 612 445 289 695 482 198 635 144 491 363 219 278 130 286 148 361
shrinkage=0.05


Tree=5
num_leaves=31
num_cat=0
split_feature=25 25 26 26 25 22 9 5 5 25 9 0 24 0 22 22 4 10 23 24 14 3 24 25 10 24 26 15 15 1
split_gain=191.018 123.689 75.9558 34.902 32.1696 30.5383 28.9558 28.4996 20.3883 23.2215 16.3873 14.5313 12.6395 12.3923 12.0457 15.7035 11.4611 12.1532 11.4754 10.8304 10.4034 10.2245 9.77362 9.7574 12.5246 9.34509 9.11258 8.67958 8.61196 8.5673
threshold=1.0675000000000001 0.66550000000000009 0.77650000000000008 1.0825000000000002 1.5695000000000003 1.0265000000000002 1.1375000000000002 0.85250000000000015 0.88150000000000006 0.96550000000000014 1.6925000000000001 2.2790000000000004 0.97750000000000015 2.4065000000000007 0.81050000000000011 1.0885000000000002 -0.26349999999999996 -0.60149999999999981 1.1125000000000003 0.6705000000000001 1.2275000000000003 1.8335000000000004 2.1485000000000007 0.96950000000000014 -0.39949999999999991 0.74850000000000017 0.98850000000000016 0.24750000000000003 1.0415000000000003 1.1045000000000003
decision_type=2 2 2 2 2 2 2 2 2 2 2 2 2 2 2 2 2 2 2 2 2 2 2 2 2 2 2 2 2 2
left_child=1 6 7 8 5 12 14 20 9 29 13 -10 19 23 -1 16 17 -16 -18 -2 -3 22 26 -5 -25 -17 -6 -9 -7 -4
right_child=4 2 3 10 21 28 -8 27 11 -11 -12 -13 -14 -15 15 25 18 -19 -20 -21 -22 -23 -24 24 -26 -27 -28 -29 -30 -31
leaf_value=-0.0030647863895585897 0.0034668301085670422 -0.04363407044967129 0.039200216842952551 0.014770993616412199 -0.0018594321015022752 0.012313851995974054 0.017684461428147929 0.050191814566663384 0.052134611297305504 -0.01087085494335862 0.053743632689094323 -0.0095953210995580272 -0.017335607511861036 -0.066297775474559645 -0.053652878056968591 0.032689012128975854 -0.053263260998315687 -0.0076446656304092241 -9.9278994607685038e-05 -0.050580898738968497 0.016442895716852257 -0.088991168298233003 0.013097262082423237 -0.060972874710161523 0.0057180711771940302 -0.018794132373673014 -0.051663381287151533 -0.0048590192027232401 -0.027643332935263967 0.010088209368410555
leaf_weight=67.72887796163559 10.469007685780523 57.653861284255981 146.59739243984222 87.41044020652771 9.986973047256468 70.570680886507034 58.010183587670326 14.818902879953386 193.23747335374355 34.109434619545937 17.949280068278313 10.028292953968046 81.923062071204185 6.1947936862707129 19.416517317295074 14.870119377970694 76.949971094727516 55.045507863163948 11.692516863346098 80.861413970589638 8.2354231476783735 14.269072532653807 6.991125062108039 10.921363770961763 19.808703526854515 21.644268706440926 114.29708050191402 13.853480905294417 16.670545294880867 30.536125481128693
leaf_count=272 42 231 602 354 40 284 234 60 798 138 73 41 329 25 78 60 309 221 47 325 33 58 28 44 80 87 459 56 67 125
internal_value=0 0.216768 0.468277 0.609005 -0.59933 -0.388934 -0.286744 -0.360354 0.755692 0.538139 0.181672 0.981782 -0.631899 0.0527282 -0.425707 -0.549349 -0.682056 -0.392833 -0.925012 -0.887711 -0.722502 -0.975896 -0.888512 0.125021 -0.359673 0.0434373 -0.953227 0.471864 0.0935722 0.683632
internal_weight=0 976.713 651.355 556.793 406.039 260.495 325.358 94.5617 414.509 211.243 142.285 203.266 173.253 124.335 267.348 199.619 163.105 74.462 88.6425 91.3304 65.8893 145.544 131.275 118.141 30.7301 36.5144 124.284 28.6724 87.2412 177.134
internal_count=5600 3968 2660 2280 1632 1047 1308 380 1704 865 576 839 696 503 1074 802 655 299 356 367 264 585 527 478 124 147 499 116 351 727
shrinkage=0.05


Tree=6
num_leaves=31
num_cat=0
split_feature=27 26 22 24 5 5 27 22 22 27 27 26 0 10 24 27 22 1 6 22 22 24 20 24 27 9 0 10 0 19
split_gain=112.736 117.407 56.512 59.0271 30.7613 26.4615 19.5526 18.104 17.2894 12.3643 12.1891 17.536 11.7335 11.6297 11.4439 11.0965 13.7449 11.0212 11.4986 10.8952 11.2802 10.6987 10.5627 14.758 10.3465 10.1698 10.0578 9.70074 9.67153 9.01707
threshold=0.90650000000000008 0.81150000000000011 1.0325000000000002 1.0935000000000004 0.88150000000000006 0.82050000000000012 1.0105000000000002 0.75750000000000017 1.0605000000000002 1.0885000000000002 0.82250000000000012 0.88850000000000018 1.5645000000000002 -1.0664999999999998 1.0475000000000001 0.99050000000000005 0.87450000000000017 1.7720000000000002 1.7735000000000003 0.70650000000000013 0.95150000000000012 0.73550000000000015 1.0000000180025095e-35 1.2565000000000002 0.72650000000000003 1.2125000000000001 1.6975000000000002 0.65350000000000008 1.1775000000000002 0.31150000000000005
decision_type=2 2 2 2 2 2 2 2 2 2 2 2 2 2 2 2 2 2 2 2 2 2 2 2 2 2 2 2 2 2
left_child=1 5 3 9 8 12 25 -5 10 21 13 -12 -1 29 -13 16 -9 18 -8 -6 22 -2 23 -21 -7 -4 -23 28 -26 -3
right_child=2 4 6 7 19 24 17 15 -10 -11 11 14 -14 -15 -16 -17 -18 -19 -20 20 -22 26 -24 -25 27 -27 -28 -29 -30 -31
leaf_value=-0.02689561066509287 -0.0018228509829689176 -0.049143763276390008 0.011800044549679095 0.028580376365360462 0.070369551285662038 0.021524422887021378 -0.0084549060201869735 0.04049771096847405 0.044448938094302448 -0.07108168396087193 -0.051430904990972283 -0.013970062485264591 0.016291660736306054 0.023978185470191378 0.031685206178418815 -0.026753304976848226 -0.017659143023785854 -0.063003725704764466 0.042303458897358169 0.0068106261110540758 0.048008988888707423 -0.042511608955253105 0.047409028980813971 0.078030287447657429 -0.0051055622468078564 0.057308285253085824 -0.095088775112141158 0.026176320634790612 -0.066509336496520188 0.020600004845652976
leaf_weight=186.42760775983334 13.952923670411108 10.584805667400362 45.44549073278904 24.683977037668228 25.651495441794395 59.1786198168993 187.90323638916016 15.861608684062956 39.50747637450695 61.01470285654068 17.621003717184067 31.746753126382828 17.176333963871002 107.92744967341423 24.179800227284431 102.25117912888527 28.262158766388893 8.6766306608915311 11.861952438950537 68.019308164715767 100.72280564904213 71.744855880737305 35.630992665886879 8.144927039742468 17.294137537479404 16.82023186981678 10.416596785187719 11.89309401810169 10.192024588584898 8.2438905835151655
leaf_count=749 56 43 184 100 107 240 759 64 163 247 71 129 69 442 99 412 114 35 48 279 416 289 148 34 70 68 42 48 41 34
internal_value=0 0.228763 -0.348078 -0.627065 0.537206 -0.259153 -0.00985308 -0.220603 0.28439 -1.06956 0.165142 -0.158707 -0.465045 0.353048 0.115379 -0.354198 0.0649416 -0.15674 -0.108818 0.791765 0.717458 -0.84606 0.498775 0.288536 0.166185 0.481869 -0.983549 -0.231007 -0.557489 -0.372148
internal_weight=0 780.143 598.896 328.188 477.981 302.162 270.708 171.059 239.811 157.129 200.304 73.5476 203.604 126.756 55.9266 146.375 44.1238 208.442 199.765 238.17 212.518 96.1144 111.795 76.1642 98.5579 62.2657 82.1615 39.3793 27.4862 18.8287
internal_count=5600 3182 2418 1324 1965 1217 1094 690 981 634 818 299 818 519 228 590 178 842 807 984 877 387 461 313 399 252 331 159 111 77
shrinkage=0.05


Tree=7
num_leaves=31
num_cat=0
split_feature=25 25 26 27 25 9 5 26 25 24 0 5 24 27 25 3 1 13 10 5 3 13 27 3 4 4 5 3 24 14
split_gain=169.378 108.588 65.9483 60.6149 27.6187 25.1517 24.2582 24.0064 26.9228 18.3193 17.115 18.0556 15.8764 14.0878 13.8706 13.3076 12.1236 11.7248 11.4836 11.2873 10.9737 10.782 10.7281 10.3986 11.2565 10.387 9.80091 9.64173 9.57707 9.40302
threshold=1.0675000000000001 0.66550000000000009 0.77650000000000008 0.90650000000000008 1.5585000000000002 1.1375000000000002 0.85250000000000015 0.86350000000000016 0.89550000000000007 0.97750000000000015 1.6975000000000002 1.2635000000000003 0.94450000000000012 0.93850000000000011 0.96950000000000014 1.9805000000000004 0.5495000000000001 1.3135000000000003 -0.47449999999999992 0.88450000000000017 1.7525000000000002 0.9405 0.79950000000000021 0.34850000000000003 -0.56549999999999989 -0.13099999999999998 1.3365000000000002 1.8335000000000004 0.6755000000000001 1.2275000000000003
decision_type=2 2 2 2 2 2 2 2 2 2 2 2 2 2 2 2 2 2 2 2 2 2 2 2 2 2 2 2 2 2
left_child=1 5 6 7 9 20 29 8 22 13 11 14 -12 19 -5 -13 -14 18 -11 28 21 23 -4 24 -1 -24 -25 -6 -2 -3
right_child=4 2 3 10 27 -7 -8 -9 -10 17 12 15 16 -15 -16 -17 -18 -19 -20 -21 -22 -23 25 26 -26 -27 -28 -29 -30 -31
leaf_value=0.058276309585011836 0.023182327381503626 -0.040373972419031012 0.050880715506039592 0.015110696118920287 -0.041221664366900529 0.016604333153040021 0.021991725603507789 0.052535229524268257 -0.013159719894866403 0.009783717467177858 -0.073981981067755068 0.053135541887818327 0.022807017691669564 -0.054246216375405304 -0.019998900414779312 -0.016618895313642846 -0.057115987924950373 0.019146570425763162 -0.027486400838718086 0.0024815296421423672 -0.05007398438743408 -0.00022279288016011694 -0.040206655972704196 -0.030474707612761678 -0.021403803984988892 0.043636453259561725 0.030378120911151382 -0.084792540741740224 -0.043278170725603839 0.016760506098570847
leaf_weight=7.7025821208953884 6.2062182873487464 57.499878391623497 56.131090372800827 113.1907120347023 135.10733027756214 57.822589501738548 28.531654998660088 213.73566471040249 34.109704330563545 31.828455209732056 10.670538455247877 40.574539542198181 16.448436677455906 44.659898936748505 37.434453338384628 8.2232407927513105 6.6686241626739493 36.473728194832802 58.942499190568924 34.446349754929543 26.864779427647591 72.221909269690514 7.1658849716186523 142.84532317519188 10.440269500017164 7.6242879182100278 6.9381317347288123 14.014039501547812 42.820129096508026 8.2323115170001966
leaf_count=31 25 231 234 459 545 234 116 901 139 128 43 166 67 181 151 33 27 147 237 139 108 291 29 574 42 31 28 58 172 33
internal_value=0 0.205791 0.442873 0.574886 -0.564376 -0.26587 -0.33015 0.85833 0.466852 -0.364701 0.187458 0.298966 -0.470689 -0.631604 0.1277 0.827615 -0.00497059 -0.0959364 -0.288356 -0.389067 -0.395359 -0.327554 0.817969 -0.466512 0.248491 0.0602841 -0.553119 -0.906327 -0.697299 -0.664369
internal_weight=0 971.077 646.241 551.977 404.499 324.836 94.2638 318.767 105.031 255.377 233.211 199.423 33.7876 128.133 150.625 48.7978 23.1171 127.245 90.771 83.4727 267.013 240.148 70.9213 167.926 18.1429 14.7902 149.783 149.121 49.0263 65.7322
internal_count=5600 3968 2660 2280 1632 1308 380 1334 433 1029 946 809 137 517 610 199 94 512 365 336 1074 966 294 675 73 60 602 603 197 264
shrinkage=0.05


Tree=8
num_leaves=31
num_cat=0
split_feature=25 25 25 26 27 5 9 5 0 27 22 22 22 27 25 26 25 27 9 5 14 22 13 3 15 22 27 25 26 8
split_gain=153.78 74.7074 62.9868 53.3205 48.4491 26.7668 22.7112 20.2448 20.1534 14.0373 14.3734 13.9208 16.1037 15.9989 13.4997 12.3423 15.2894 13.893 12.0543 11.4302 10.8402 10.8267 11.9293 10.6423 10.4214 10.373 10.0296 9.99067 9.88085 10.7028
threshold=1.2450000000000003 0.66550000000000009 0.96550000000000014 0.77650000000000008 0.90250000000000019 0.87650000000000006 1.1375000000000002 0.80850000000000011 1.6975000000000002 0.91150000000000009 1.0215000000000003 0.71850000000000014 1.0445000000000002 1.0705000000000002 1.9405000000000003 0.87150000000000005 0.7955000000000001 0.8015000000000001 1.0415000000000003 1.8805000000000003 0.7360000000000001 0.69950000000000012 0.9405 0.34850000000000003 -1.4779999999999998 1.1035000000000001 0.89550000000000007 0.78850000000000009 0.85650000000000015 1.0000000180025095e-35
decision_type=2 2 2 2 2 2 2 2 2 2 2 2 2 2 2 2 2 2 2 2 2 2 2 2 2 2 2 2 2 2
left_child=1 6 3 7 15 18 21 20 19 28 -11 -2 13 24 -14 17 -17 -5 -4 -6 -3 -1 23 -23 -13 -25 -24 -19 29 -7
right_child=11 2 5 4 8 9 -8 -9 -10 10 -12 12 14 -15 -16 16 -18 27 -20 -21 -22 22 26 25 -26 -27 -28 -29 -30 -31
leaf_value=0.01228565534432078 0.024065221773997218 -0.042498483378334506 -0.031703166045514368 0.042273005558484948 0.016057736409125101 0.050739511753232429 0.015795223134346087 0.023333509088240157 -0.026828649287068802 -0.024194438205748819 0.018699409902375171 0.027775081938752385 -0.0072185156951595775 -0.06573285269489608 -0.047525152621460856 0.03074055732807468 0.064637394550709756 0.03483594581453938 0.0065426292116577108 0.069659409199053432 0.0080867269491018794 0.0089237857364340319 0.0079577625966483628 -0.038250105012246155 -0.037837386495317454 0.002273063911365543 -0.031351952779731879 -0.034794813229155119 0.042824191158400776 -0.040266027211538061
leaf_weight=25.368791475892067 9.9003601372241956 39.726315349340439 86.97004160284996 76.63674421608448 141.533527597785 5.1569822281599036 57.747269585728645 28.028096780180931 27.300131127238274 39.644221588969231 38.493844106793404 6.427369311451911 65.895003423094749 62.188843414187431 30.337449118494987 46.627441704273224 116.09809346497059 9.2941116988658923 26.997581750154495 10.69750529527664 14.440660610795019 16.386660397052765 48.617107033729553 134.28172807395458 103.59695181250572 17.89666460454464 24.35536977648735 11.557508781552313 39.753886759281158 8.6493356078863126
leaf_count=102 40 160 351 322 576 21 234 114 111 160 156 26 265 255 123 199 499 38 109 44 58 66 196 540 418 72 98 47 165 35
internal_value=0 0.149423 0.319506 0.516031 0.654215 -0.09803 -0.252717 -0.223258 0.254604 0.209032 -0.0612653 -0.683205 -0.726153 -0.909241 -0.398505 0.929922 1.09849 0.648548 -0.452864 0.396488 -0.580254 -0.375743 -0.441015 -0.587237 -0.680089 -0.669689 -0.103246 -0.0751713 0.603365 -0.125467
internal_weight=0 1092.26 767.606 521.94 439.745 245.666 324.654 82.1951 179.531 131.698 78.1381 278.346 268.446 172.213 96.2325 260.214 162.726 97.4884 113.968 152.231 54.167 266.906 241.538 168.565 110.024 152.178 72.9725 20.8516 53.5602 13.8063
internal_count=5600 4473 3165 2168 1836 997 1308 332 731 537 316 1127 1087 699 388 1105 698 407 460 620 218 1074 972 678 444 612 294 85 221 56
shrinkage=0.05


Tree=9
num_leaves=31
num_cat=0
split_feature=25 25 26 27 25 22 9 5 25 9 27 5 5 8 14 5 25 27 5 22 22 23 4 25 13 26 27 5 25 3
split_gain=139.523 89.7214 56.1992 58.8869 23.4388 24.7617 20.5154 19.0123 16.3976 15.3933 12.4951 14.7839 12.3608 12.1632 11.2701 11.162 10.7228 17.1674 11.4517 10.2112 12.5603 10.0368 11.3407 9.88985 9.49463 9.46477 13.0546 16.2795 9.17494 9.09594
threshold=1.0675000000000001 0.66550000000000009 0.8055000000000001 0.90450000000000019 1.5585000000000002 1.0265000000000002 1.1375000000000002 0.85250000000000015 0.94550000000000012 1.2975000000000001 1.0025000000000002 0.98050000000000004 0.88150000000000006 1.6300000000000001 0.7360000000000001 0.63850000000000018 0.90950000000000009 1.0585000000000002 0.59450000000000014 0.81050000000000011 1.0885000000000002 1.1355000000000002 0.013500000000000002 0.98950000000000016 0.90850000000000009 0.89850000000000019 0.8015000000000001 0.44950000000000007 0.86450000000000016 1.8335000000000004
decision_type=2 2 2 2 2 2 2 2 2 2 2 2 2 2 2 2 2 2 2 2 2 2 2 2 2 2 2 2 2 2
left_child=1 6 7 12 5 10 19 8 14 13 11 -2 23 16 -3 -15 18 -18 -5 -1 21 22 -21 25 -23 26 27 -4 -20 -6
right_child=4 2 3 9 29 -7 -8 -9 -10 -11 -12 -13 -14 15 -16 -17 17 -19 28 20 -22 24 -24 -25 -26 -27 -28 -29 -30 -31
leaf_value=-0.0010750758440946295 -0.032069459080586914 -0.025820577913133344 -0.041712418129805938 0.051010873128832235 -0.037549525629970749 0.0057890875483355992 0.015026486521598654 0.019214032620010854 -0.073575798303753423 0.032165440338375449 -0.048252719025930181 0.0042217177918570338 0.053621143484692046 -0.036131381759799269 0.019151130901092786 0.023437138138658331 0.0078158948574287949 -0.064002515710330596 -0.017200897629041426 -0.020889296840277419 0.0029571584743172275 -0.021177455928021421 -0.049085409065630012 -0.0037236980094318205 0.052419759466290385 0.052438358784095633 -0.0095726191567569244 0.047952025641476263 0.032054603822618113 -0.080446023537636066
leaf_weight=67.617805033922195 75.755061775445938 51.760853499174118 5.6755052208900443 10.084759727120398 134.13418406248093 83.831214860081673 57.668512910604477 37.961282968521118 13.645096957683561 54.37342868745327 50.534644246101379 44.574483647942543 136.84317956864834 8.877918064594267 19.061610490083694 68.863914743065834 14.773796766996382 19.050899684429169 44.806674033403397 76.228765323758125 36.465216070413589 12.676733225584032 67.010470047593117 16.517189890146255 6.6974981427192679 57.741138637065887 19.579797089099884 46.846460551023483 11.98282118141651 13.611952111124991
leaf_count=272 305 210 24 41 545 338 234 156 55 223 206 180 595 36 77 280 60 77 182 307 147 51 270 67 27 248 81 199 49 58
internal_value=0 0.187972 0.405559 0.550074 -0.513171 -0.329364 -0.240303 -0.203547 -0.467728 0.177492 -0.547766 -0.372517 0.856363 0.0355511 -0.274332 0.332691 -0.193848 -0.65268 0.0382276 -0.357248 -0.471286 -0.590232 -0.681601 0.654353 0.0852888 0.747067 0.505456 0.765258 -0.136156 -0.830032
internal_weight=0 962.811 638.446 516.017 402.442 254.695 324.365 122.429 84.4676 232.814 170.864 120.33 283.203 178.441 70.8225 77.7418 100.699 33.8247 66.8743 266.696 199.079 162.613 143.239 146.36 19.3742 129.843 72.1018 52.522 56.7895 147.746
internal_count=5600 3968 2660 2162 1632 1029 1308 498 342 948 691 485 1214 725 287 316 409 137 272 1074 802 655 577 619 78 552 304 223 231 603
shrinkage=0.05


end of trees

feature importances:
feature_25=45
feature_5=36
feature_22=35
feature_27=35
feature_26=31
feature_24=28
feature_3=19
feature_9=10
feature_13=9
feature_0=8
feature_4=8
feature_10=5
feature_14=5
feature_19=5
feature_1=4
feature_6=3
feature_15=3
feature_23=3
feature_8=2
feature_17=2
feature_18=2
feature_11=1
feature_20=1

parameters:
[boosting: gbdt]
[objective: binary]
[metric: binary_logloss]
[tree_learner: serial]
[device_type: cpu]
[data: ]
[valid: ]
[num_iterations: 100]
[learning_rate: 0.05]
[num_leaves: 31]
[num_threads: 0]
[max_depth: -1]
[min_data_in_leaf: 20]
[min_sum_hessian_in_leaf: 0.001]
[bagging_fraction: 0.8]
[pos_bagging_fraction: 1]
[neg_bagging_fraction: 1]
[bagging_freq: 5]
[bagging_seed: 3]
[feature_fraction: 0.9]
[feature_fraction_bynode: 1]
[feature_fraction_seed: 2]
[early_stopping_round: 0]
[first_metric_only: 0]
[max_delta_step: 0]
[lambda_l1: 0]
[lambda_l2: 0]
[min_gain_to_split: 0]
[drop_rate: 0.1]
[max_drop: 50]
[skip_drop: 0.5]
[xgboost_dart_mode: 0]
[uniform_drop: 0]
[drop_seed: 4]
[top_rate: 0.2]
[other_rate: 0.1]
[min_data_per_group: 100]
[max_cat_threshold: 32]
[cat_l2: 10]
[cat_smooth: 10]
[max_cat_to_onehot: 4]
[top_k: 20]
[monotone_constraints: ]
[feature_contri: ]
[forcedsplits_filename: ]
[forcedbins_filename: ]
[refit_decay_rate: 0.9]
[cegb_tradeoff: 1]
[cegb_penalty_split: 0]
[cegb_penalty_feature_lazy: ]
[cegb_penalty_feature_coupled: ]
[verbosity: 0]
[max_bin: 255]
[max_bin_by_feature: ]
[min_data_in_bin: 3]
[bin_construct_sample_cnt: 200000]
[histogram_pool_size: -1]
[data_random_seed: 1]
[output_model: LightGBM_model.txt]
[snapshot_freq: -1]
[input_model: ]
[output_result: LightGBM_predict_result.txt]
[initscore_filename: ]
[valid_data_initscores: ]
[pre_partition: 0]
[enable_bundle: 1]
[max_conflict_rate: 0]
[is_enable_sparse: 1]
[sparse_threshold: 0.8]
[use_missing: 1]
[zero_as_missing: 0]
[two_round: 0]
[save_binary: 0]
[header: 0]
[label_column: ]
[weight_column: ]
[group_column: ]
[ignore_column: ]
[categorical_feature: ]
[predict_raw_score: 0]
[predict_leaf_index: 0]
[predict_contrib: 0]
[num_iteration_predict: -1]
[pred_early_stop: 0]
[pred_early_stop_freq: 10]
[pred_early_stop_margin: 10]
[convert_model_language: ]
[convert_model: gbdt_prediction.cpp]
[num_class: 1]
[is_unbalance: 0]
[scale_pos_weight: 1]
[sigmoid: 1]
[boost_from_average: 1]
[reg_sqrt: 0]
[alpha: 0.9]
[fair_c: 1]
[poisson_max_delta_step: 0.7]
[tweedie_variance_power: 1.5]
[max_position: 20]
[lambdamart_norm: 1]
[label_gain: ]
[metric_freq: 1]
[is_provide_training_metric: 0]
[eval_at: ]
[multi_error_top_k: 1]
[num_machines: 1]
[local_listen_port: 12400]
[time_out: 120]
[machine_list_filename: ]
[machines: ]
[gpu_platform_id: -1]
[gpu_device_id: -1]
[gpu_use_dp: 0]

end of parameters

pandas_categorical:[]
